11 14
vozlisce 46.03842071404752 14.450154140051565
vozlisce 46.07859107697171 14.478231646215976
vozlisce 46.08132231944741 14.52824292850213
vozlisce 46.067160762288026 14.575064668772661
vozlisce 46.0147880415112 14.556344151504018
kraj 46.05669139769018 14.512594092266912 Ljubljana Center
kraj 46.0228698187176 14.41725708213144 Brezovica
kraj 46.130969798590364 14.56097015651693 Trzin
kraj 46.14091628755262 14.412852639663907 Medvode
crpalka 46.0399583051125 14.471365072554388 1.652 1.853
crpalka 46.07434616407396 14.487199748570951 1.652 1.853
0 1 130
1 2 110
2 3 110
3 4 130
4 0 130
0 6 130
2 7 90
1 8 50
0 9 50
9 5 50
5 10 50
5 4 50
10 1 50
5 2 50